0.2614902189568103,0.45337368507410986,0.03602486736796048,0.027893748518714335,0.007857650726513647,0.03600663615977831,0.028130754225082495,0.006453847696486846,0.002151282565495615,0.026909263276877357,0.03505861333430566,0.03932471604893256,0.0001093872490929974,0.022223842774060636,0.00783941951833148,0.0006563234945579844,0.008495743012889464
0.040601401455881356,0.8672494727532485,0.009075447309340772,0.014926185454792844,0.003149874141098034,0.011647050819783658,0.007796448738009388,0.00583032859378189,0.002279066603170284,0.009762568882236887,0.003313150554459487,0.00866725627593714,9.524457446084768e-05,0.006578678821688551,0.008252262058643446,0.00011565412613102933,0.0006599088373358732
0.10829889807162535,0.3239497245179063,0.3942837465564738,0.015237603305785124,0.009986225895316805,0.015237603305785124,0.006714876033057851,0.0074896694214876035,0.016356749311294765,0.019455922865013773,0.021780303030303032,0.0262568870523416,0.00043044077134986227,0.010416666666666666,0.018681129476584023,8.608815426997245e-05,0.005337465564738292
0.0659657362437957,0.25671131984842827,0.012435288466670224,0.49869242674921277,0.005817366707583925,0.016918396755083526,0.0817633559267759,0.0089662165768266,0.01376954688584085,0.0089662165768266,0.008165661525324224,0.008699364892992474,0.0004269626941346,0.008165661525324224,0.00309547953247585,5.3370336766825e-05,0.00138762875593745
0.05130756111426947,0.15520181921546333,0.010517339397384877,0.007674815235929506,0.675667993177942,0.027288231949971573,0.004690164866401364,0.011654349061967027,0.006822057987492893,0.006822057987492893,0.008953951108584423,0.0072484366117111995,0.0002842524161455372,0.005400795906765207,0.01776577600909608,0.0015633882888004549,0.0011370096645821489
0.06494073611977542,0.2796007485963818,0.01522145976294448,0.01784154709918902,0.014472863381160325,0.41272613849033063,0.07567061759201497,0.012039925140361821,0.01915159076731129,0.026699937616968185,0.009544603867747973,0.013349968808484092,0.0014971927635683093,0.006487835308796008,0.028696194635059263,0.001621958827199002,0.0004366812227074236
0.0800520479746549,0.07897714415026023,0.006166553518895678,0.1390020366598778,0.001923512106811496,0.04310930074677529,0.5972505091649695,0.004525910839556461,0.021837519800859923,0.009674134419551934,0.002149807648789319,0.0023195293052726863,0.0036207286716451684,0.0060534057479067665,0.0027155465037338763,0.00011314777098891151,0.0005091649694501018
0.017489466571269575,0.23435885205501233,0.005405835122028778,0.0077907623817473565,0.006598298751888067,0.012083631449240798,0.01605851021543843,0.6703235551315685,0.006757293902535972,0.005405835122028778,0.003736386040225773,0.004372366642817394,0.0013514587805071945,0.005882820573972494,0.0015104539311550998,7.949757532395262e-05,0.0007949757532395262
0.11673469387755102,0.2452478134110787,0.015160349854227406,0.03626822157434402,0.010379008746355686,0.01889212827988338,0.05574344023323615,0.026705539358600584,0.42903790087463556,0.004664723032069971,0.012244897959183673,0.02029154518950437,0.00641399416909621,0.0016326530612244899,0.0005830903790087463,0.0,0.0
0.09167783850675466,0.2824584923172115,0.027121790244405485,0.014128080849747345,0.00794060018562442,0.035578013818706816,0.016809322470867277,0.00598123130865216,0.005568732597710633,0.4550892028462411,0.012890584716922759,0.018665566670104154,0.00020624935547076416,0.006909353408270599,0.016190574404454986,0.00020624935547076416,0.002578116943384552
0.21329413686101584,0.25232729054385106,0.0240078392944635,0.027437530622243998,0.019598236158745713,0.034950187816429855,0.007839294463498285,0.007349338559529643,0.007186019924873428,0.02711089335293157,0.2978931896129348,0.013718765311121999,0.0008165931732810714,0.013718765311121999,0.01910828025477707,0.00032663726931242854,0.03331700146986771
0.13067522968513068,0.2995272500222995,0.03541164927303541,0.013112122023013113,0.005351886540005352,0.014628489876014629,0.00891981090000892,0.006065471412006066,0.017393631255017392,0.01560966907501561,0.00999018820800999,0.4105788957274106,0.0007135848720007136,0.022567121577022568,0.0072250468290072254,8.91981090000892e-05,0.0021407546160021407
0.04695524578136464,0.06603081438004402,0.010271460014673514,0.024944974321349962,0.0,0.015407190022010272,0.05282465150403522,0.0359501100513573,0.05062362435803375,0.0007336757153338225,0.003668378576669112,0.008070432868672046,0.5605282465150404,0.12325752017608217,0.0,0.0007336757153338225,0.0
0.10527560917908682,0.1629209052913808,0.01245958520621402,0.0127750177430802,0.0033120416370948664,0.008201245958520622,0.010014983045501143,0.003942906710827222,0.005756643797807744,0.005441211260941566,0.006072076334673921,0.012223010803564388,0.005283494992508477,0.6385931708855769,0.004573771784559577,0.0018137370869805221,0.0013405882816812553
0.06193990511333685,0.4881391671059568,0.041381128096995255,0.016605166051660517,0.04428044280442804,0.08249868212967844,0.02662098049551924,0.010279388508170796,0.0018450184501845018,0.04638903531892462,0.033473906167633107,0.020031628887717447,0.0,0.017923036373220874,0.10516605166051661,0.0002635740643120717,0.0031628887717448603
0.026509572901325478,0.09720176730486009,0.004418262150220913,0.0014727540500736377,0.011782032400589101,0.020618556701030927,0.0,0.0,0.0,0.005891016200294551,0.0029455081001472753,0.004418262150220913,0.0,0.026509572901325478,0.0,0.7982326951399117,0.0
0.23569794050343248,0.24561403508771928,0.03279938977879481,0.016781083142639208,0.011441647597254004,0.02135774218154081,0.04424103737604882,0.014492753623188406,0.0015255530129672007,0.019832189168573607,0.10373760488176964,0.020594965675057208,0.0,0.013729977116704805,0.010678871090770405,0.0,0.20747520976353928
